100 
0.568264559981492
0.320489936344281
0.17690183990707609
0.8195498815148146
0.6617743093873178
0.670797535887198
0.5046820595991397
0.33338992724247407
0.6893747657747928
0.13204775183769346
0.16028661782357911
0.9788694724458229
0.7958560024172967
0.3688023872335151
0.16677064506665995
0.8475311215464225
0.5108085232141217
0.1385170733035881
0.7156284441902574
0.25722698775241803
0.6498281843913347
0.6064839767824257
0.8632957365950984
0.6089995703582496
0.2822173857384147
0.2460940575859103
0.4189049374213203
0.8135249366519512
0.16697395167600093
0.4009011461700571
0.06154830794989241
0.7990262400402868
0.8126159682779335
0.6117034578543001
0.015056645403836999
0.8667662037347901
0.3430535389444047
0.8573669479595467
0.7333384795594344
0.4325337579623856
0.8188784997723717
0.2527658820922696
0.5163573905619632
0.12842789405315602
0.3309598446552384
0.9253240768393254
0.39813292332016226
0.7723526826068337
0.5987072707749783
0.8326779756603171
0.5489555008648213
0.6145391413377834
0.35090301912714605
0.5498308457863919
0.9264410560886784
0.6822024163128559
0.5785128349215749
0.8594546979970032
0.7691031921134341
0.8318296509448873
0.3343515741660976
0.7638964170162568
0.4392189118719141
0.9818809190259303
0.28338153625873663
0.11638881397938383
0.9695069864965562
0.30786977460096265
0.31791369417412274
0.4881113570585569
0.46155816916692527
0.012760191318290204
0.9728218594833025
0.8480763303838201
0.503369650897258
0.8641733275793091
0.4668636047215995
0.9259747817600958
0.695909288635189
0.5346630255371292
0.2632745704031707
0.6967697443237466
0.5627112742602616
0.6064791008686947
0.9883429071056662
0.454107218634344
0.4721181321324335
0.8556975393286337
0.9805721018068527
0.17036228855140578
0.5412579761201
0.1616661360942011
0.08514551528285708
0.3188030154908743
0.4869205503873155
0.6626412287582071
0.05444515956692619
0.5593458612024549
0.2975030367756464
0.3230781268100229
