1000
1.0605957652209064
1.5587091206270391
1.1412319088383094
0.7032055550776186
1.2353498183864047
0.7903582278456708
1.7254329787000597
1.1436386222102275
0.9228662071981093
1.6228064357992382
1.062943587690331
0.7212951447374134
1.500582791832639
1.21953263515422
1.6236300193584734
0.9746659397085754
1.2198900658162197
1.2021631119499172
1.130145253867989
1.6324355701160818
1.3167025596950652
0.9980312810585195
1.4779917463232175
0.890333921591202
1.559738648896192
1.588231723758172
1.4125230050189939
1.0465419024875922
0.8797907348873947
1.4835502624495194
1.15481005785791
1.1571421234739985
1.2432321351144355
1.684899440999434
1.2031713561639108
1.1218532839424027
1.244411941693774
1.0897926025913502
1.9136481130144167
1.1107309262442162
1.2334631895911559
1.1129722748955528
1.5548046562370803
0.8416650017909961
1.4116194965618605
1.3127197969718023
1.8143519169363445
0.9121662136563918
1.2735917811972353
0.9458637053015182
0.8593041798739764
1.4255178601405674
0.8177301023996146
1.9870413329452532
1.6947831714852615
1.4338095160937574
1.2930549507784768
1.1486832703181726
1.1463471294038416
1.3630105429117272
1.1616535306405078
1.8198773696751824
1.09530843095224
1.1404263314517973
1.2999837257049314
1.4749323568861201
0.8361309726608069
1.6639860006867013
1.3443725795260488
0.7043854963460574
1.2160533397532376
1.5138685422049767
1.6229015808398026
0.7728041516884336
1.2867111946223186
1.24099297923205
1.018084295398342
1.0611952508607656
2.006372264422842
1.0644474612447765
0.5146351747777164
1.475699787731473
0.9086316339769047
1.5555332828852577
1.6664828751444207
1.0775005453765536
1.9147012942777835
0.7582905934724286
1.3448798708834993
1.2770988052482162
1.3107798418044212
1.5180883370534841
1.5692537789402539
1.2914199111584308
0.7570619759194428
1.2710471731334392
1.0411238720614353
1.8942655772537744
1.3214679869764259
1.3211956089005987
1.4603936519686171
1.3052532157577934
0.6543120926324095
1.164220744100169
1.170813042788998
1.3303315378151723
1.3329850043230387
1.6337823544335486
0.9520667006878418
1.6220988394183076
1.367619068274155
0.8865876113398499
1.508121309907896
1.240927401474863
0.9876200886447122
1.4762417898847418
1.2640974763135668
0.7250000036365778
1.1610624347358443
1.462523644364017
1.6345761974318047
0.623984310406914
0.6320014857719769
1.4036412372895368
1.5064743877509057
1.3414496818748174
1.3559298775831548
0.5413506016428362
1.3875643094235985
1.7092027807780918
1.8449938841803781
1.3990494077891427
1.3313965491530224
1.131731921144255
1.1417780272306441
0.2037150625144035
1.175659736241231
0.976330063750038
1.7488254804155605
1.7881236695869973
1.27381638641146
0.7479679036117195
1.0379905962487037
2.0668709453079708
1.1421882385529178
1.0315760482836298
1.3926955879701548
1.2303375989663978
1.5334663350076008
1.1975936909058251
1.3063687184547614
1.4202314570860062
0.9733467309088112
1.0411992015616485
1.4305637254248367
0.8303931243305471
1.3181053513762617
1.5254231694441251
1.1711718465565428
1.1691889024514683
2.1043013635020698
1.5229978268882354
0.7698571153809401
1.1461726112856212
0.8779057127913634
1.1281095649800168
1.820637326545063
0.5822599639252898
1.4253229947103199
1.5616768205163272
1.7491802997387724
1.1227304573010535
1.1750551462880388
1.193821092056765
0.7732713189965856
1.4318185446780152
1.225051954369651
1.0636116485079268
1.5134481761152287
1.4491103110782997
1.3767668604878005
0.7091430254663781
1.4062559242420674
1.3639491152105037
1.9220552160641522
1.6936547997122813
1.1098112657517984
1.3180101423323474
1.0131627687136056
1.0558958575595006
1.1985852211899588
1.4145607796183868
0.9343793024682528
1.0877162126370785
1.4233907278771456
1.138113531465248
1.5027940221782696
1.4001109644674559
1.1909959009794338
1.1232046643899736
1.1627914610472558
1.6541804944462806
1.5284744868580453
1.027965329947011
1.6164699724245182
1.6386185211883713
1.5463949064764992
0.9625699148158083
0.9955894999750953
1.021041687894299
1.0029733551577973
1.2378703691083173
1.7130697432625468
1.3212078899198343
1.1865557295339475
1.5810180412981032
1.7022117595304331
1.3441819012320027
1.2293658632712627
0.7715708519801857
0.5632217193549554
0.8199342556967391
2.0972085733635235
0.8555506248963956
1.4849760244370291
1.0728679566538184
0.9770993358928017
1.1527197694062976
1.1430351797487142
1.6867685586729244
0.909880281155621
1.5229435849149113
1.4523336402683202
1.3309463292886976
1.091583516788695
1.0275844961234806
0.846144753188947
1.209353443859978
1.445433060873428
1.6748902514508826
1.063918914094083
1.3617568323735303
1.7870527102427713
1.045209773954584
1.5492645504011195
0.8835790635347587
1.356508048163821
1.4168305828942784
1.6898079160965198
0.7979505735988529
1.2295853013591311
1.7095110451862143
1.3566754930137186
1.194437583195128
0.8548455055472727
1.3758011735839677
0.9769818807936259
1.3509620929225248
1.865451735228184
0.6752283710079535
1.030223707405563
1.3705852198503545
1.6862699488503043
1.1789293641442375
0.7324705402389138
1.421060867557744
1.5452640889057991
0.8008927085358972
1.2964203064998165
1.5134745548099533
1.4297901918086227
1.631105028039037
0.6573286675713343
1.3224013364714018
1.0880420682623015
1.3484762321213128
1.0844009179689866
1.6396655383114116
1.1793850623589512
1.079836930791684
1.346245859612344
1.3609479789286052
1.4935206358267115
1.220849516628915
0.8500406018597952
1.4421984798458793
1.1537494229445264
0.34234653254021435
1.6566658835266919
1.6120608962873182
1.318246792345305
1.0641521138779388
1.6252622990574865
0.9562202353803575
1.5626342313284205
1.3978801097745746
1.3910268927264293
0.9162102540994693
1.6418697907223938
1.4190271511754204
1.7536991232138552
1.156896613968964
1.012794718399103
1.1561556958534727
0.8178127530421904
0.8194096395404779
1.3682697789677853
1.3431857285395656
1.7532872744706642
0.9033518631309128
1.4876661291992055
1.5541920688558895
0.9270155025240356
1.3487734462829013
0.7574625027945338
1.5967018856009838
1.016805952861542
0.9059273003603633
1.3554873397843212
1.4784442094555221
0.9361595240436794
1.2111501128755604
1.5123597663636268
1.289849447287622
1.459927826777706
0.8814991389250572
1.5676103641926482
1.4015627650245253
1.5135553339095063
0.8425859575584318
1.5488238964350336
1.077328415726208
0.814409388314115
1.110684893381789
1.424444860815666
1.3016152507314593
0.9660444990895083
1.3798633480126208
1.7119700541235598
1.0567892308219498
0.8837881746434457
1.6964944789539464
1.4317316562250684
1.303456856888585
0.3228299693320377
1.0937201699442982
1.6399523173592838
0.9191969160875385
1.0450174418727196
1.6294895099694584
1.2659947203774586
0.917165804933599
1.0306334085020668
0.9733179673134409
1.9758780646130265
1.5577823226449814
0.9298997636155264
1.1502137052795498
0.9742807509105906
1.4146493826434534
0.674889001905568
1.240454358253573
1.2675032619170452
1.086015847178813
1.6798311158562538
0.9602063016741115
1.4394566501964918
1.599716446081864
1.1136594617696594
1.1080199719372015
1.7091559869492683
0.7844469735571682
1.5171413584111735
0.8704436752829542
1.2254995386918854
1.0854415425717383
2.006100290435368
1.032981926410205
0.9136435566408027
0.9992166104235094
1.376228023587698
1.249396050523705
1.3944353449076083
1.0241023589548748
1.2664655952312531
1.3787310267874242
1.0981268934810968
0.9357697845889134
1.2024213932125494
1.6088019745215019
1.0340598688284401
1.8878937972906205
0.8159212562225138
1.4740227072555616
1.251729587068011
1.0307533889267488
1.2154915539633433
1.2440309042579207
1.410676917803843
1.7668933111065033
1.3716776381911995
1.6568966666935496
1.2067047914379923
1.2827831979335935
1.075588727447109
1.4085029903002335
1.5410844855627832
1.2675158244478226
1.4543109817511213
0.9856472767716797
1.176443853780527
1.7428659520526861
1.3061680381566363
0.7328965663561572
0.9963227969225902
0.9366214259701264
1.6145271337799445
1.4632825191384586
0.756311611807841
1.7001865946457977
1.1395177493541204
1.4949515922559509
1.4198325954913078
0.8232841734963853
1.3488383952775362
0.9697450452922747
1.253565340588865
1.5748476079708535
1.056559799791284
1.3918616590123398
1.502536845321848
0.9088766818841767
1.0333281862310997
1.7269844646065204
1.3084864232414697
1.1556599473032712
1.5750530298544951
1.584838538127787
1.0883160074572928
0.917882482146326
1.1893283439089466
1.221660326461433
1.2202469829254983
1.1258447914948924
1.7410179057202333
1.4796233017331744
1.0885723599985884
1.3139095543628794
1.0530084634356853
1.3261446330213946
1.3718413932513291
1.3242816655557512
1.7075402541446907
1.0780878278523642
0.8383341992798117
1.7403646271757967
1.5097622251531806
0.8438337081282735
1.4024814293945527
0.4631535663430717
1.8295159939604442
1.4429777565881414
1.258853617640487
0.759202879181224
0.782770311723948
1.530234648368413
1.5676373030515747
1.1419482110447534
1.5746045176610692
0.8423952793306029
1.3541356671204619
1.545500224282374
1.0187022969383532
1.0506637117790876
1.1097357615956487
1.0947443689176666
0.946700566238188
0.7100462002127353
1.7140671082571148
1.4464726009115472
1.3036151205575295
1.4107608928998951
1.2915059201555856
1.1460254172535134
1.1090313378455137
1.458222060385249
1.3028946464203175
1.2979906075194982
0.6848319217946506
1.6052650067721586
1.4687146159800475
1.2839042963442822
1.3524430233045204
1.4308222109254014
1.3123162900617389
1.6609019132617342
1.3371925111456746
1.0155289349592715
1.14148191806976
1.6157317936411721
1.4097074814874273
1.512982406571476
0.9370090414121441
1.1403910466181788
1.5910075048072418
1.7189134879087604
1.4073888424952383
1.4521663010549748
0.9832312195902109
1.2034355139658954
0.6367197636602283
1.4535457792665023
1.3767522749532592
1.5333637252338512
1.312602813743002
1.0868449071805684
1.3823942902083097
0.965143357194917
1.4825447428264322
1.2969276687753812
1.7083459249422122
0.7186486838921954
1.6190494610228436
1.0181885362843393
0.9667005385258363
1.449787863121236
1.4578969886833135
1.566716433577351
1.1872342602189032
0.832626286220228
1.3752445976887218
0.8377039365929198
1.3278923703409098
0.9833823067412982
1.6178261575815789
1.2789869363756399
1.4275964089097224
1.082461267964328
0.9361971032392297
1.4037335661152768
0.7429505329698886
1.1395373141440117
1.0363138738592137
0.9293413186416866
1.9009448735879522
1.1771266529080249
1.8968572085811428
1.1759321440337733
0.7517468334661379
1.4614423122647613
0.9035343884070247
0.6994509385034571
1.3042030234123034
1.6814579649484822
1.3971348736306815
1.0398722997829255
1.4152139772805294
1.191967409153879
0.9630837724060792
1.5563440304595013
1.1596498835506717
0.8347844378809783
1.4233932401999587
1.451784010778883
1.0467878958971413
1.4625343787274065
1.1269446674134749
1.4673509186657867
1.6195507686311243
0.9528749584191698
1.5027874173745344
0.8189372006246681
1.5588833745899808
1.1351849782779482
1.605181965286365
1.2014714009605794
0.6620650749943129
1.2671802401679675
1.0962259887018644
1.5766277433786426
1.1591430960885682
0.7322763739179633
1.7838156236379303
1.1959449760276772
1.5112150821863954
1.336033259574531
1.0380977446070303
0.8970777715796766
1.4350678284482603
1.6308825783012195
1.677567965263143
1.3884882097418756
1.1468709150075407
0.9264003191343498
1.4299384991535544
1.3910770868474387
1.1513209340251491
1.7713454525466985
1.2970314762969046
0.7146404679441559
1.0997612035237054
0.7278166012591144
1.6076672630452846
1.299589542809712
1.7238723737930453
1.8565996724792801
1.3346485514256512
0.8765136070000298
1.17735136511927
1.0455645454605986
1.6463028175393204
1.2060662686511963
1.0326631743355525
1.257697894246463
1.4216097288332783
0.8325233573964222
1.6846829766431297
0.9678289470363354
1.3013267880556116
1.666566226023153
1.1827540746725018
1.8839223207977647
0.9352941273960864
1.2193672030867255
1.1328460188146718
0.20513913402829442
1.389744106476975
1.895374779511235
1.5952423837936383
1.0564422679894387
1.5320336028874317
1.4275597260893973
0.6687907695248775
1.273157296256547
1.1388097956447563
1.7481618125806921
0.8380300630559716
1.1644754033564921
1.4041568945173921
1.2060101858838141
1.0645640982608353
1.45489392719143
0.89541665688127
1.2312428953720136
1.225014376926641
1.3744230487989646
1.4157007632520042
0.8293843632461817
1.7781525416901292
0.7890938831114132
1.5166987640920535
1.167566504429591
1.0509429223209308
1.0731158995074248
1.5955016311676038
1.4346369277658257
1.6845221674531272
1.132763501032383
1.1511960568321093
1.0618891741844136
1.0089646436714492
1.4859422214725422
1.0855502355071276
1.0019674971219699
1.355505165924844
1.257489102863019
1.3605631545978336
1.5067156819648955
1.302779503641633
1.2035068777725453
1.1829965489177774
0.3756201813785397
1.8109399261373516
1.2226909978907028
1.3675299118721842
1.898113214482049
1.5369528620960522
1.2927107428448947
0.4924733885080635
1.3082299205833863
1.4758560853392564
1.2901492991962715
1.1848675798423196
1.5647357167360845
1.10506981059236
1.589261332855981
1.228646184520619
0.8908209817100314
1.1535769487876408
0.9163491199488497
1.4882235004803706
1.4299588870929933
1.0013149246002868
1.0637682207852666
1.2910983188491252
1.093503730731259
1.0016707147887625
0.8444438765056762
1.5654913841932312
1.8772233654788177
1.1283131120030645
1.5064739237976266
1.2043745404849726
1.12171915182261
1.2390386031226008
1.688987047989021
1.3832196056485104
1.3817492806201292
0.7250882197832954
0.9199658861125297
1.2601332667847254
1.1233520460475162
0.7437775161831977
1.8998436208997962
1.50742610197038
1.2728886720546582
1.6834896210274415
0.7464351778033251
1.1531821575271766
1.5370413538740042
1.4749029636085167
0.8016065349680346
1.2427853536479336
1.7314940185082652
0.9617807085004504
1.246331699887374
1.0580696129774103
1.2532553022259958
1.7091025801277018
1.1892001475412004
1.0642136742304125
1.3858854965390046
1.4285172865893612
1.0547197772506174
1.413474652133227
1.399358484910805
1.0549336785852863
0.9160799962548073
1.0557828227785468
1.4847031396511443
0.9390063621489639
1.7485977786869684
1.5899295815930565
0.781472703803223
1.4519846841409454
1.2122429322201371
1.042675786836037
1.1122139852377495
1.3130651976840355
1.739960432665182
1.4842654928267616
1.2744142032393375
1.3187661786634781
0.9234631662022021
0.9615203666371819
1.4665941821563144
1.2030899494796148
1.4926941068278663
0.8788331905811384
1.3724800225821712
1.0162054264865958
1.5709434447909192
1.6070406756388689
1.7730382953659123
0.7481187909167004
1.9029373709985826
1.1355912654704772
1.4649630228415886
1.221448614662218
0.8832781748995306
0.5367834511609652
1.294830650373131
1.781314635428487
1.558660300851806
0.9105242362433716
1.2299629873407296
1.4487619765989799
1.3902357020022749
1.4045076668102128
1.3813780079828475
1.5101370064138826
1.1154534590118088
1.7776558523528998
0.8697765920942441
1.2257938782106048
0.6877141939518254
1.5399810903586524
1.4872993377612072
1.4518120344690861
0.969650473977881
1.3153864968460893
1.2414253539007274
1.4878331057416587
1.068607182542525
0.6326288710041938
0.9016058945044447
1.4357227172291658
1.1796803733678036
1.2482214876642261
1.5037930158116453
1.1063864986711907
1.9675798165416971
1.3945823595324915
1.2750310975834525
0.5423085312846565
0.9699463320027671
0.8296984774701003
1.3234667986645894
1.6439354023439863
1.7926789667999392
0.9694408888464409
1.7939402919113607
1.7990642960545302
0.9868382226094126
0.640957458652658
1.1763340469116292
0.8186945606602071
1.8459960394591348
0.9048765002408171
1.4893568352561934
1.2719279520569502
1.282837969348667
1.4770071026654865
0.8723851871343096
0.9013823801639363
1.1200367767548838
1.3541424955043342
1.1234950283470724
1.5580336497990805
1.2484036304777792
1.0828985597201704
1.3974480789139707
1.4927213740821768
1.5936922980567674
1.0966510053145742
1.4562300898441605
1.1373404838762387
1.0881371934730342
1.902977760425355
1.2034896119583425
1.3643378703741798
1.0966936699849905
1.2429742440164921
1.019954572123597
1.7382872483796337
0.9643187708526434
1.1045354480861134
0.9872480219610426
1.5047255181374664
1.4317284182601693
1.5383529547529116
1.064678778743918
1.076035082684658
1.6018622164025276
1.1349385934250484
2.008139102958929
1.2575616381406645
0.6810050794651364
0.7871979484144767
1.2613371193868068
1.4158691404455912
1.4282436681183224
1.4257246826914047
0.7601056991791422
1.4231730744622202
1.6595295230548002
0.9371455523124007
1.2102003349500334
1.2546777767412531
1.1075131853466196
1.4951356899718622
1.267097253647722
1.6828984529355888
1.0964574008135621
1.1655864156294666
0.9114802234414047
0.6972865478406194
1.5309244886319933
1.36493752366571
1.5629199096703021
1.9860702308421678
1.3301060948175338
0.9772465477183578
0.5874671271217673
0.6141918732635333
1.028473608024663
1.3942057624006483
1.357883596136312
1.7270566104501581
0.7002582368956265
1.3116025787743002
1.0387651477876412
0.9957072104510782
1.146395112680713
1.7058739184491307
1.646751793368221
1.0057819568137527
1.6871337130680886
0.8640114428049771
0.5761698669196025
0.975422886698717
1.3022250609645594
1.5851215548002366
1.1373812717891008
1.2566282898531982
0.9474809261754148
1.2441287486831403
1.5568330071195113
1.151599638274675
1.4073785270198471
0.9526334572012032
1.2661213583490687
1.3856960192606826
1.4107080898083002
1.0241580896431055
1.143545765786738
1.1015804834429326
1.0126497605279912
0.9951398306796271
1.5842772386309467
1.3134313221467087
1.172053457733295
1.289511646704181
1.4741740644857555
0.6675982216557098
1.0487863273849394
1.4936321802305166
1.5816584610604505
1.1594349910350676
1.0800938773004156
1.6706378923810132
1.4945481231625557
1.1425708370242746
1.2606819586484714
0.4407048983435369
1.4395853560971623
2.169658480846086
1.2771055898387957
0.5366555110010104
0.3524587147736959
1.3254313699975784
1.612837780648052
1.2087863313155731
1.240445813503988
1.324800296977656
1.4259056939059158
0.8770897679944015
1.0501541908709875
1.6454651818963755
1.344704034281927
1.3316071348813814
0.7837187172712018
1.3208597619158156
1.226545413128092
1.8050274667334536
1.1715227973165596
1.1279540018731817
1.1571766992187185
1.0234991376957097
1.8347915760145823
1.0785225446724396
1.242978492989943
1.1936407961661686
1.2391570513485544
1.2319063373253596
1.0426756854366495
1.715192463644958
0.9097429833268217
0.7605983425431602
1.5579863617305345
1.4714812713187173
1.2666594483032885
0.6894397947750046
1.4897834016756732
1.3536569997227967
1.2749686974798748
1.3802211560823838
2.061016343094569
1.0582666272384094
0.8874015117979543
1.1415578879496888
1.0443289124304445
1.9427754779668718
1.3311738783851088
0.9320759056081871
0.915663266057255
1.5926222142406605
1.6857011649869338
0.9225373525385171
1.1941247087353115
1.2552766673372449
1.3722385282005258
1.0427586664745772
1.1453849855716374
1.2971015861151316
1.1242648850080612
0.8101332130406379
1.2660694286152678
0.9521336689548348
1.538696618888346
